nW;0.23901308; 0.79716945; 0.24358942
nW;0.20657979; -0.039284118; 0.89496875
nW;1.3780017; 0.76529384; 0.72689664
nW;0.34063542; 0.54123497; 0.7932936
nW;0.9373557; 0.4433537; 1.0202605
nW;0.49108845; 0.11630515; 0.262622
nW;0.07772709; 0.96270454; 0.2579565
nDW;1.066321; 0.49978983; 0.421916; 0.35244113; 0.6786275; 0.10007734; 0.079029165
nDW;0.24633656; 0.25411677; 0.50954854; 0.9508409; 0.7258484; 0.032266274; 0.896415
nDW;0.16986229; 1.0657547; 0.52564967; -0.024036279; 0.5436297; 1.1634896; 0.05548241
nDW;1.1170218; 0.22090472; 0.43529904; 0.3797731; 0.5499899; 0.478782; 0.45017612
nDW;0.3421838; 0.71075696; -0.28678802; 0.91733444; 0.51381284; -0.09449531; 0.53516144

//# 2
nW;0.30901304; 0.59716964; 0.23358941
nW;0.62657946; -0.1092841; 0.68496895
nW;1.6480014; 0.9252937; 0.5368968
nW;0.28063548; 0.20123522; 0.96329343
nW;0.7873559; 0.5733536; 0.90026057
nW;0.5610884; 0.13630515; 0.012621965
nW;0.1777271; 0.93270457; 0.08795644
nDW;1.1763209; 0.30979002; 0.38191605; 0.2724412; 0.5486276; 0.13007733; 0.15902916
nDW;0.38633645; 0.21411675; 0.79954827; 0.7008412; 0.54584855; -0.06773372; 0.7564151
nDW;0.039862283; 1.3057544; 0.43564975; -0.33403623; 0.5336297; 1.1834896; 0.025482414
nDW;1.2670217; 0.1809047; 0.3652991; 0.55977297; 0.49998993; 0.3787821; 0.53017604
nDW;0.6021836; 0.680757; -0.24678804; 1.1773342; 0.48381287; -0.1644953; 0.4751615

#3
nW;0.29901305; 0.6571696; 0.24358942
nW;0.6665794; -0.14928411; 0.7049689
nW;1.6180015; 0.96529365; 0.5368968
nW;0.2706355; 0.1512352; 1.0032934
nW;0.7773559; 0.59335357; 0.9902605
nW;0.5310884; 0.15630516; 0.012621965
nW;0.1777271; 0.9027046; 0.05795645
nDW;1.1463209; 0.32979; 0.421916; 0.2724412; 0.5586276; 0.15007734; 0.17902917
nDW;0.39633644; 0.23411676; 0.7695483; 0.6808412; 0.54584855; -0.11773371; 0.73641515
nDW;0.04986228; 1.2757545; 0.46564972; -0.3640362; 0.50362974; 1.1834896; 0.05548241
nDW;1.2970216; 0.20090471; 0.3852991; 0.539773; 0.5099899; 0.38878208; 0.53017604
nDW;0.6021836; 0.680757; -0.176788; 1.1473342; 0.4638129; -0.20449533; 0.49516147

 #4
nW;0.36901298; 0.6371696; 0.2135894
nW;0.5965795; -0.1392841; 0.67496896
nW;1.6480014; 0.8952937; 0.5468968
nW;0.2706355; 0.21123523; 0.9232935
nW;0.8173559; 0.59335357; 0.90026057
nW;0.58108836; 0.13630515; -0.017378034
nW;0.1677271; 0.8927046; 0.08795644
nDW;1.1763209; 0.30979002; 0.38191605; 0.2824412; 0.5686276; 0.120077334; 0.16902916
nDW;0.40633643; 0.20411675; 0.7895483; 0.73084116; 0.54584855; -0.06773372; 0.7764151
nDW;0.029862283; 1.3257544; 0.42564976; -0.3640362; 0.47362977; 1.1934896; 0.05548241
nDW;1.2670217; 0.1909047; 0.3852991; 0.59977293; 0.5299899; 0.3787821; 0.550176
nDW;0.6121836; 0.670757; -0.24678804; 1.1773342; 0.49381286; -0.1544953; 0.4751615

#5
nW;0.30901304; 0.59716964; 0.23358941
nW;0.63657945; -0.099284105; 0.69496894
nW;1.6480014; 0.9252937; 0.5468968
nW;0.2706355; 0.21123523; 0.96329343
nW;0.7773559; 0.5733536; 0.90026057
nW;0.5510884; 0.13630515; 0.012621965
nW;0.1677271; 0.93270457; 0.08795644
nDW;1.1763209; 0.29979002; 0.39191604; 0.2724412; 0.5486276; 0.13007733; 0.15902916
nDW;0.38633645; 0.21411675; 0.79954827; 0.7108412; 0.54584855; -0.06773372; 0.7564151
nDW;0.039862283; 1.3057544; 0.43564975; -0.34403622; 0.5336297; 1.1834896; 0.025482414
nDW;1.2670217; 0.1809047; 0.35529912; 0.55977297; 0.49998993; 0.3787821; 0.53017604
nDW;0.6021836; 0.680757; -0.24678804; 1.1673342; 0.48381287; -0.1644953; 0.4751615

#6 train later
nW;0.36901298; 0.6371696; 0.2235894
nW;0.6065795; -0.1392841; 0.67496896
nW;1.6480014; 0.9052937; 0.5468968
nW;0.2706355; 0.20123522; 0.9232935
nW;0.8173559; 0.59335357; 0.91026056
nW;0.58108836; 0.14630516; -0.017378034
nW;0.15772709; 0.8927046; 0.077956446
nDW;1.1763209; 0.30979002; 0.38191605; 0.2824412; 0.5686276; 0.120077334; 0.16902916
nDW;0.40633643; 0.20411675; 0.7895483; 0.72084117; 0.53584856; -0.06773372; 0.7764151
nDW;0.029862283; 1.3357544; 0.42564976; -0.3640362; 0.47362977; 1.2034895; 0.05548241
nDW;1.2570217; 0.1909047; 0.3852991; 0.59977293; 0.5399899; 0.3787821; 0.550176
nDW;0.6021836; 0.670757; -0.25678805; 1.1673342; 0.49381286; -0.1544953; 0.4651615

#7
nW;0.40760252; 0.2108762; 0.45105508
nW;0.8923928; 0.2620463; 0.1551924
nW;0.7066574; 0.120638795; 0.6577253
nW;0.36331517; 0.8164324; 0.068762615
nW;0.71871; 0.8512424; 0.58145934
nW;0.24281542; 0.6398667; 0.94722897
nW;0.13296185; 0.13979688; 0.67322934
nDW;0.79986554; 0.87129843; 0.34343636; 0.6629399; 0.103540465; 0.60780936; 0.2841295
nDW;0.5232828; 0.12429174; 0.9585944; 0.89387083; 0.7212457; 0.67503583; 0.3268334
nDW;0.68862456; 0.68321174; 0.78638524; 0.09905195; 0.6634289; 0.7147958; 0.24774356
nDW;0.68077236; 0.109628856; 0.80350405; 0.86309314; 0.14827952; 0.5989847; 0.9658103
nDW;0.06686728; 0.22577126; 0.45600545; 0.4534062; 0.55752575; 0.33095; 0.55770797

#8 winner 1
nW;0.41901293; 0.6271696; 0.2135894
nW;0.5865795; -0.14928411; 0.644969
nW;1.5680015; 0.9152937; 0.52689683
nW;0.32063544; 0.21123523; 0.9732934
nW;0.85735583; 0.59335357; 0.9602605
nW;0.59108835; 0.10630515; 0.042621963
nW;0.19772711; 0.8727046; 0.12795644
nDW;1.2063209; 0.25979006; 0.39191604; 0.26244122; 0.5486276; 0.13007733; 0.18902917
nDW;0.41633642; 0.19411674; 0.7795483; 0.6808412; 0.54584855; -0.087733716; 0.72641516
nDW;0.009862283; 1.2757545; 0.43564975; -0.31403625; 0.51362973; 1.2334895; 0.0854824
nDW;1.2570217; 0.1809047; 0.39529908; 0.6197729; 0.5499899; 0.40878206; 0.4801761
nDW;0.5621836; 0.71075696; -0.24678804; 1.1273342; 0.42381293; -0.13449529; 0.4551615

#9 winner 1, child
nW;0.42901292; 0.6371696; 0.23358941
nW;0.5965795; -0.1392841; 0.624969
nW;1.5780015; 0.8852937; 0.49689686
nW;0.33063543; 0.20123522; 0.94329345
nW;0.83735585; 0.5633536; 0.9502605
nW;0.58108836; 0.096305154; 0.06262196
nW;0.15772709; 0.8927046; 0.12795644
nDW;1.1863209; 0.26979005; 0.421916; 0.2724412; 0.5586276; 0.120077334; 0.17902917
nDW;0.40633643; 0.19411674; 0.7895483; 0.6808412; 0.5658485; -0.07773372; 0.72641516
nDW;0.019862283; 1.2757545; 0.41564977; -0.30403626; 0.49362975; 1.2334895; 0.06548241
nDW;1.2770216; 0.15090469; 0.40529907; 0.6097729; 0.55998987; 0.41878206; 0.5001761
nDW;0.5721836; 0.72075695; -0.23678803; 1.1373342; 0.41381294; -0.1444953; 0.4651615

#10 winner child 2
nW;0.39901295; 0.6271696; 0.25358942
nW;0.62657946; -0.16928412; 0.66496897
nW;1.5680015; 0.8852937; 0.4568969
nW;0.33063543; 0.18123521; 0.96329343
nW;0.82735586; 0.5733536; 0.9502605
nW;0.5410884; 0.10630515; 0.042621963
nW;0.1777271; 0.9227046; 0.13795644
nDW;1.1563209; 0.28979003; 0.431916; 0.26244122; 0.5686276; 0.09007734; 0.20902918
nDW;0.40633643; 0.18411674; 0.80954826; 0.65084124; 0.53584856; -0.09773371; 0.73641515
nDW;-0.010137716; 1.2157545; 0.3756498; -0.31403625; 0.51362973; 1.2634895; 0.075482406
nDW;1.2870216; 0.16090469; 0.3852991; 0.6197729; 0.55998987; 0.42878205; 0.52017605
nDW;0.5821836; 0.680757; -0.24678804; 1.1273342; 0.42381293; -0.1444953; 0.4651615

#11 from zero to hero
nW;0.46256816; 0.13091502; 0.72255826
nW;0.83505523; 0.9611441; 0.14823733
nW;0.45517159; 0.07517549; 0.10430322
nW;0.15419295; 0.1035587; 0.79747415
nW;0.8256076; 0.14251311; 0.586792
nW;0.7876909; 0.011231804; 0.3907923
nW;0.54180247; 1.1082194; -0.1203054
nDW;0.5081497; 0.5706998; 0.2720243; 0.7119842; 0.4502749; 0.23420158; 0.020416494
nDW;0.9872695; 0.6645927; 0.27153617; 0.31088877; 0.017543737; 0.4555068; 0.65596926
nDW;0.1140489; 0.4939689; 0.20816565; 0.9451469; 0.76279986; 0.54834765; 0.35891113
nDW;0.5567315; 0.20226225; 0.8350662; 0.04155598; 0.7323526; 0.2755395; 0.38201678
nDW;0.090853915; 0.26667953; 0.5782748; 0.2834175; 0.0880125; 0.7234608; 0.9240534

#12 second hidden layer added
nW;0.9043038; 0.4619305; 0.10935032
nW;0.80975145; 0.41291466; 0.63682175
nW;0.38643116; 0.80331814; 0.9932106
nW;0.16692938; 0.7242828; 0.7973345
nW;0.3059493; 0.35857266; 0.2641277
nW;0.22730896; 0.44318014; 0.70208395
nMW;0.29085678; 0.98564124; 0.2892453; 0.25519988; 0.12534693; 0.7030018
nMW;0.83333963; 0.0037018452; 0.91113794; 0.2613694; 0.5620158; 0.93536
nMW;0.32145375; 0.5325317; 0.5517776; 0.48780045; 0.45243198; 0.24355017
nMW;0.33991098; 0.46173704; 0.17456207; 0.35463402; 0.29596287; -0.021919291
nMW;0.74671024; 0.6450641; 0.8867819; 0.060759105; 0.68574786; 0.30925354
nMW;0.68479764; 0.79664654; 0.719678; 0.9577254; 0.37221783; 0.97983
nDW;0.9332917; 0.27673557; 0.7030848; 0.11950334; 0.68276405; 0.3454626
nDW;0.71063864; 0.17910212; 0.86923647; 0.021130662; 0.279191; 0.818865
nDW;0.6913143; 0.30013046; 0.3477243; 1.0148243; 0.91253716; 0.21714471
nDW;0.33668658; 0.32430077; 0.30227008; 0.17448136; 0.8399609; 0.44129694
nDW;0.16708767; 0.6802651; 0.6107447; -0.00524533; 0.39461324; 0.2568286

#13 the last hero
nW;0.8226479; -0.19436353; 3.9987726
nW;1.4430333; 0.727636; 0.207508
nW;0.02902951; 2.153976; 0.022847548
nW;-0.9520321; 0.41162804; 0.2885587
nW;0.1586647; -1.0540787; 1.8208082
nW;-2.715976; 0.5117049; -0.7419126
nMW;-0.99691546; 0.47167835; -1.2580554; 1.8118484; -0.3460489; -0.6894634
nMW;-1.0075938; 0.61986256; 2.052836; 1.8271544; 1.6312459; 0.82726896
nMW;0.72570276; -0.46468422; -1.147015; 0.84827477; 2.8622227; 3.410824
nMW;1.8938091; 0.92615545; -1.0767741; 0.62950826; 1.4752482; 0.049167536
nMW;2.204187; -0.3793651; -1.7087553; -0.8453996; 1.5317947; 0.81332016
nMW;0.8155025; 1.1441735; -0.59682405; 0.9200665; 0.12918973; 0.6262064
nDW;0.43115118; 1.20946; -1.7765137; -0.59652424; 0.5639289; -0.41086492
nDW;-0.6428862; -0.88961643; 1.6239376; 0.3304726; 1.4359138; 1.1090593
nDW;-0.8219683; 0.068100706; 0.15970087; 0.0012192875; 2.2101033; 1.1301174
nDW;-2.7789662; -0.55888927; 2.3471553; 0.16905302; -2.738805; 0.62457025
nDW;-0.7987975; 0.53894943; 0.4606174; -0.5397802; -0.03811588; 1.6005261

#14 three layers from zero to hero
nW;-0.6370088; -2.6696627; 1.8455853
nW;-0.29618415; 0.88104045; 0.18041718
nW;-4.2962813; 1.7586926; -0.92911136
nW;1.3591229; 2.6416337; -0.74002916
nW;-0.87492967; 1.1274015; 0.19764423
nW;0.680076; 0.8384836; 3.269221
nNW;1.1467683; -0.85074806; -3.7788906; -0.6267133; 0.64891195; -0.07505568
nNW;0.79039335; 6.3356695; 3.1793141; -0.9804926; -2.2012315; -0.74116945
nNW;0.33861345; 0.6105838; 1.0808231; 2.078012; 0.7845967; -0.3452103
nNW;-2.6849349; -0.8668561; 2.7536979; 1.1528846; 1.9867595; 3.7222984
nNW;1.4475017; -1.2266129; 0.7112061; -0.17765522; 0.24800858; 2.6316397
nNW;0.63091254; -1.8569953; 1.4951512; 1.4426186; -0.16452694; -0.60749006
nMW;0.610996; 3.5183086; 0.6695651; 0.076128684; 1.0873288; -2.3357096
nMW;0.09232666; -1.7766658; 2.466771; 0.94515145; 1.7304786; 0.14499527
nMW;0.4423165; -0.36526966; 5.7279024; 1.558901; 1.6761451; 0.5446292
nMW;2.5360196; 0.5901046; -1.4041967; -0.6667013; 3.612067; -0.44803283
nMW;-0.335683; -0.56199497; -0.20333895; 0.64445734; 2.9405177; 0.5432826
nMW;-1.472861; 2.0681798; 1.0468665; -0.8979838; 0.5100075; -1.8542442
nDW;-2.8557563; 1.4590864; 0.823509; -0.333385; 0.7767025; 0.99254996
nDW;0.8505133; -0.5731094; 1.293865; 1.9836158; 2.3522534; 2.5230613
nDW;-1.3153684; 2.1542163; 0.7850379; 1.9761151; 2.1631207; -1.1302335
nDW;2.7349186; 3.812439; 0.7361952; -2.905268; -4.3005953; 1.8083174
nDW;-1.8483064; 0.90992796; -0.119363956; -0.1832214; -0.42256352; -1.146989

